0 0.10958328247070312 0.5692883895131086 0.1425 0.1198501872659176
0 0.4295832824707031 0.7284644194756554 0.1275 0.13857677902621723
0 0.5445832824707031 0.8202247191011236 0.0725 0.08239700374531835
0 0.6608332824707032 0.850187265917603 0.12 0.14232209737827714
0 0.8191665649414063 0.7827715355805244 0.095 0.11235955056179775
0 0.6529165649414063 0.4737827715355805 0.0675 0.10112359550561797
0 0.7229165649414062 0.4400749063670412 0.0675 0.08614232209737828
0 0.4804165649414063 0.44569288389513106 0.0775 0.06741573033707865
0 0.5141665649414062 0.37640449438202245 0.04 0.04868913857677903
0 0.7391665649414062 0.13670411985018727 0.035 0.04119850187265917
0 0.5604165649414062 0.33146067415730335 0.0475 0.06367041198501873
0 0.5966665649414062 0.22846441947565543 0.03 0.052434456928838954
0 0.5304165649414062 0.21348314606741572 0.0425 0.052434456928838954
0 0.5766665649414062 0.15917602996254682 0.03 0.04119850187265917
0 0.6491665649414062 0.149812734082397 0.03 0.03745318352059925
0 0.6791665649414063 0.20224719101123595 0.04 0.0449438202247191
0 0.5354165649414062 0.149812734082397 0.0325 0.02247191011235955
0 0.46916656494140624 0.08052434456928839 0.025 0.026217228464419477
0 0.41916656494140625 0.08614232209737828 0.03 0.02247191011235955
